685
921
953
792
122
193
309
473
277
841
286
711
969
898
42
40
717
32
948
70
65
527
537
417
281
442
68
852
54
506
730
218
645
897
827
28
31
469
935
787
741
777
154
508
738
641
619
767
35
506
190
208
621
480
54
977
181
879
476
870
380
627
661
852
33
806
645
363
777
36
740
561
879
117
728
8
12
902
888
460
71
890
847
73
904
165
59
212
920
873
441
374
341
248
764
591
588
705
983
934
50
412
86
396
873
438
612
603
264
276
236
636
765
830
303
451
565
951
133
328
160
600
40
358
68
573
103
272
463
341
736
283
619
626
377
89
796
850
91
293
568
513
947
7
611
641
595
738
477
62
852
842
425
169
338
821
4
635
804
684
872
597
80
492
970
415
637
142
806
316
159
415
885
470
345
437
557
109
200
220
263
602
473
722
236
767
146
726
356
94
559
67
306
371
320
256
940
820
36
22
554
958
792
735
547
11
984
226
674
573
362
72
667
283
257
119
473
202
47
32
424
332
10
383
361
466
594
475
763
503
336
169
775
830
147
573
768
855
240
557
710
811
852
911
56
821
173
616
693
79
607
262
889
501
174
2
614
563
999
550
683
724
820
451
544
1
13
1
618
528
635
178
560
914
656
510
558
306
436
145
69
35
782
151
593
534
304
523
691
328
97
491
785
211
302
943
577
260
387
131
221
524
366
274
435
467
284
892
560
268
679
29
954
323
379
437
493
370
830
938
998
723
827
635
97
635
755
98
249
498
40
857
855
431
578
115
92
131
203
163
728
366
471
43
821
649
162
775
200
516
705
566
362
367
629
292
596
946
514
870
543
915
471
693
238
970
438
72
794
919
560
235
467
843
692
516
217
489
335
885
734
145
399
299
367
988
268
144
623
229
972
829
489
843
454
44
451
853
716
492
535
197
246
139
831
225
115
636
516
458
832
803
941
751
923
764
118
5
525
468
76
198
949
802
223
96
552
4
545
87
886
3
987
276
753
128
665
842
579
871
102
667
762
113
822
945
519
171
254
514
79
352
150
547
388
76
629
499
661
457
693
877
276
597
996
980
670
706
850
829
738
681
647
85
892
617
906
262
776
751
166
504
161
519
583
482
842
782
102
37
113
90
525
284
860
475
390
179
343
368
867
216
730
699
77
534
387
335
247
313
258
740
172
953
675
555
278
442
406
326
477
976
463
586
942
875
224
515
902
762
225
550
905
346
963
738
271
496
444
506
877
945
649
95
594
775
769
41
847
837
289
588
874
218
287
701
547
772
139
472
603
450
174
302
528
887
709
942
586
881
310
271
352
537
678
992
568
238
654
177
249
965
546
210
921
184
270
716
217
573
773
663
392
412
904
489
790
606
60
420
93
54
430
936
877
539
40
931
15
752
472
68
873
878
97
55
971
476
756
558
993
412
271
219
398
955
661
191
168
135
879
556
927
905
886
351
956
256
156
953
812
120
316
70
902
955
323
865
541
554
987
9
952
158
821
913
543
289
197
515
472
149
521
79
891
646
155
525
463
439
313
464
141
775
605
684
494
872
371
328
95
889
942
899
580
681
993
709
180
663
344
170
914
726
37
310
899
412
949
261
261
627
686
599
318
792
152
743
623
786
160
350
165
441
299
57
401
846
11
276
199
200
217
47
635
832
187
563
431
702
466
563
145
742
942
404
146
21
688
133
978
217
295
202
725
115
647
928
328
75
693
646
624
436
964
8
486
378
464
955
482
769
372
491
837
642
931
356
289
238
428
504
637
671
656
448
324
475
334
101
580
858
810
401
952
921
130
887
559
731
780
120
76
173
131
501
425
112
828
63
429
675
616
14
477
620
115
11
353
660
346
375
729
897
427
160
641
557
434
498
326
204
571
67
688
96
26
415
220
696
328
617
984
124
849
600
512
134
780
414
102
921
282
265
25
55
561
599
310
536
576
807
379
841
827
164
905
384
512
263
645
717
950
419
789
442
105
811
590
382
740
832
869
87
113
567
444
723
286
733
359
339
300
875
825
485
580
608
811
560
47
978
227
354
164
843
426
446
358
863
986
936
516
668
353
337
28
5
367
656
447
299
70
469
18
576
200
849
420
659
197
604
841
744
922
61
341
562
531
730
577
282
115
156
774
56
918
446
576
143
371
583
413
329
469
608
327
527
274
724
588
843
524
62
74
907
559
881
160
456
388
804
763
626
12
230
285
941
535
633
70
796
709
14
339
730
573
96
968
773
558
973
479
361
403
392
485
977
494
456
212
727
170
293
26
424
427
39
534
235